[1] ""
[1] ""
[1] "Similarity scores comparing to original speaker for task EH2 (All listeners)"
[1] ""
[1] "Summary of all data ignoring factors"
[1] ""
  median  MAD mean   sd   n na
A    5.0 0.00  4.8 0.71 148  4
B    3.0 1.48  3.1 1.00 148  4
C    3.0 1.48  3.0 1.09 149  3
D    3.0 1.48  2.6 1.04 148  4
E    2.0 1.48  1.9 0.90 148  4
H    3.0 1.48  2.6 1.01 149  3
I    3.0 1.48  3.2 1.03 148  4
J    3.0 1.48  2.7 1.06 149  3
K    3.5 0.74  3.3 1.08 148  4
L    3.0 1.48  3.2 1.14 148  4
M    1.0 0.00  1.6 0.86 149  3
O    3.0 1.48  2.6 0.99 148  4
P    2.0 1.48  2.0 0.91 148  4
Q    3.0 1.48  2.8 1.03 149  3
R    3.0 1.48  2.7 1.16 148  4
S    3.0 1.48  3.4 0.98 148  4
T    1.0 0.00  1.7 0.84 148  4
U    2.0 1.48  2.0 0.95 149  3
W    2.0 1.48  2.3 0.97 149  3

